83
47
69
212
24
85
0
0
69
83
212
47
69
83
212
24
85
0
69
0
212
83
47
83
69
212
24
85
0
47
83
69
212
24
85
0
69
83
212
47
24
85
0
47
83
69
212
24
85
0
0
83
69
212
47
83
212
69
24
85
0
47
212
83
69
24
85
0
83
69
47
212
24
85
0
69
83
0
212
47
83
212
69
24
85
0
47
83
69
212
24
85
0
83
69
212
47
24
85
0
83
69
47
212
24
85
0
83
212
69
47
24
85
0
0
38
38
38
38
38
38
38
38
38
38
3142
26
26
26
419
47
419
47
415
419
47
415
419
47
419
47
415
419
47
415
419
47
415
419
47
419
47
419
47
419
47
419
47
415
419
47
419
47
419
47
419
47
419
47
419
47
419
47
413
419
47
419
47
419
47
415
419
47
419
47
419
47
419
47
419
47
419
47
419
47
419
47
419
47
415
419
47
419
47
419
47
415
419
47
415
419
47
419
47
415
419
47
415
419
47
419
47
419
47
419
47
415
0
0
0
0
0
0
0
0
0
0
0
0
0
0
