500
132
500
132
500
132
500
132
500
132
500
132
192
204
132
408
100
176
24
24
1000
500
132
500
132
500
132
192
132
408
204
100
176
24
24
1004
500
132
500
132
500
132
500
132
500
132
500
132
500
132
500
132
500
132
132
192
204
408
100
176
24
24
1000
192
408
40
204
62
500
132
500
132
500
132
132
408
192
204
100
176
24
24
1004
500
132
192
408
132
204
100
176
24
24
996
500
132
500
132
204
408
192
132
100
176
24
24
1000
500
132
192
204
408
132
100
176
24
24
996
500
132
500
132
500
132
500
132
204
132
192
408
100
176
24
24
996
