26
26
26
26
5
85
26
26
26
26
26
26
26
26
26
5
85
26
26
26
26
26
26
26
26
26
5
85
26
26
26
26
26
5
85
26
26
26
26
26
5
85
26
26
26
26
26
5
85
26
26
26
26
26
26
26
26
26
5
85
26
26
26
26
26
5
85
26
26
26
26
26
5
85
26
26
26
26
26
26
26
26
26
5
85
26
26
26
26
26
5
85
26
26
26
26
26
5
85
26
26
26
26
26
5
85
26
26
26
26
26
5
85
26
74
125
265
164
299
293
167
168
113
180
177
5
53
121
107
38
73
38
73
104
104
38
73
104
104
38
73
38
73
104
38
73
104
38
73
104
38
73
38
73
38
73
38
73
38
73
104
104
38
73
38
73
38
73
38
73
38
73
38
73
38
73
104
38
73
38
73
38
73
104
38
73
38
73
38
73
38
73
38
73
38
73
38
73
38
73
38
73
104
104
38
73
38
73
38
73
104
38
73
104
38
73
38
73
104
38
73
104
38
73
38
73
38
73
38
73
104
47
47
47
47
47
47
47
47
47
47
47
47
47
47
47
